0 0.11328125 0.45787037037037037 0.030729166666666665 0.04537037037037037
0 0.9901041666666667 0.7907407407407407 0.01875 0.044444444444444446
0 0.9494791666666667 0.9361111111111111 0.028125 0.05740740740740741
0 0.17838541666666666 0.7199074074074074 0.030729166666666665 0.049074074074074076
0 0.7466145833333333 0.1175925925925926 0.0296875 0.05185185185185185
0 0.3377604166666667 0.2935185185185185 0.0328125 0.05555555555555555
0 0.9341145833333333 0.8819444444444444 0.0328125 0.058333333333333334
0 0.31744791666666666 0.5925925925925926 0.0359375 0.06111111111111111
0 0.72265625 0.15787037037037038 0.0328125 0.06018518518518518
0 0.49713541666666666 0.14166666666666666 0.033854166666666664 0.06111111111111111
0 0.7921875 0.7333333333333333 0.03229166666666667 0.06111111111111111
0 0.7208333333333333 0.7731481481481481 0.029166666666666667 0.06296296296296296
0 0.7330729166666666 0.6439814814814815 0.034895833333333334 0.062037037037037036
0 0.6083333333333333 0.36157407407407405 0.034375 0.06759259259259259
0 0.1296875 0.9291666666666667 0.0375 0.06944444444444445
0 0.2765625 0.3060185185185185 0.03854166666666667 0.075
0 0.36041666666666666 0.8949074074074074 0.03958333333333333 0.0787037037037037
0 0.7791666666666667 0.26064814814814813 0.036458333333333336 0.06574074074074074
1 0.746875 0.1162037037037037 0.03125 0.05277777777777778
1 0.77890625 0.26064814814814813 0.0390625 0.06759259259259259
1 0.7325520833333333 0.6439814814814815 0.03697916666666667 0.06388888888888888
1 0.7919270833333333 0.7310185185185185 0.034895833333333334 0.06574074074074074
1 0.4973958333333333 0.14305555555555555 0.034375 0.062037037037037036
1 0.6078125 0.36018518518518516 0.036458333333333336 0.06851851851851852
1 0.3606770833333333 0.8935185185185185 0.0421875 0.07777777777777778
1 0.3177083333333333 0.5925925925925926 0.0375 0.06296296296296296
1 0.27630208333333334 0.30462962962962964 0.04114583333333333 0.07777777777777778
1 0.3377604166666667 0.2935185185185185 0.034895833333333334 0.05740740740740741
2 0.98984375 0.7925925925925926 0.019270833333333334 0.04814814814814815
2 0.95 0.9361111111111111 0.030208333333333334 0.06111111111111111
2 0.31666666666666665 0.5930555555555556 0.03333333333333333 0.06018518518518518
2 0.79140625 0.7342592592592593 0.033854166666666664 0.06111111111111111
2 0.93359375 0.8824074074074074 0.034895833333333334 0.05925925925925926
2 0.12864583333333332 0.9296296296296296 0.040625 0.06851851851851852
2 0.3372395833333333 0.2949074074074074 0.03177083333333333 0.05277777777777778
2 0.7471354166666667 0.11851851851851852 0.0296875 0.05185185185185185
2 0.7221354166666667 0.15648148148148147 0.030729166666666665 0.05740740740740741
2 0.6083333333333333 0.36018518518518516 0.03333333333333333 0.06111111111111111
2 0.27708333333333335 0.3037037037037037 0.040625 0.07037037037037037
2 0.7322916666666667 0.6444444444444445 0.0375 0.06296296296296296
2 0.3606770833333333 0.8935185185185185 0.04010416666666667 0.07407407407407407
2 0.7791666666666667 0.2611111111111111 0.03854166666666667 0.06481481481481481
